test_iter: 938
test_interval: 1407
base_lr: 0.00999999977648
display: 157
max_iter: 2814
lr_policy: "step"
gamma: 0.10000000149
momentum: 0.899999976158
weight_decay: 9.99999974738e-05
stepsize: 929
snapshot: 1407
snapshot_prefix: "snapshot"
solver_mode: GPU
net: "train_val.prototxt"
solver_type: SGD
